
************
-sigma           = 20
-PSNR_basic      = 28.4565
-RMSE_basic      = 9.63193
-PSNR            = 29.5424
-RMSE            = 8.50006

